 1.00000000e-02  1.00000000e-02  8.49037376e-02 
 2.00000000e-02  2.00000000e-02  8.54186241e-02 
 3.00000000e-02  3.00000000e-02  8.63004882e-02 
 4.00000000e-02  4.00000000e-02  8.73168373e-02 
 5.00000000e-02  5.00000000e-02  8.86900077e-02 
 6.00000000e-02  6.00000000e-02  9.05075249e-02 
 7.00000000e-02  7.00000000e-02  9.28513611e-02 
 8.00000000e-02  8.00000000e-02  9.58890674e-02 
 9.00000000e-02  9.00000000e-02  9.98053122e-02 
 1.00000000e-01  1.00000000e-01  1.04731217e-01 
 1.10000000e-01  1.10000000e-01  1.10784869e-01 
 1.20000000e-01  1.20000000e-01  1.17974182e-01 
 1.30000000e-01  1.30000000e-01  1.26217533e-01 
 1.40000000e-01  1.40000000e-01  1.35342317e-01 
 1.50000000e-01  1.50000000e-01  1.45088642e-01 
 1.60000000e-01  1.60000000e-01  1.55236633e-01 
 1.70000000e-01  1.70000000e-01  1.65619823e-01 
 1.80000000e-01  1.80000000e-01  1.76092603e-01 
 1.90000000e-01  1.90000000e-01  1.86578759e-01 
 2.00000000e-01  2.00000000e-01  1.97038108e-01 
 2.10000000e-01  2.10000000e-01  2.07440251e-01 
 2.20000000e-01  2.20000000e-01  2.17787106e-01 
 2.30000000e-01  2.30000000e-01  2.28074429e-01 
 2.40000000e-01  2.40000000e-01  2.38309351e-01 
 2.50000000e-01  2.50000000e-01  2.48500624e-01 
 2.60000000e-01  2.60000000e-01  2.58654647e-01 
 2.70000000e-01  2.70000000e-01  2.68778969e-01 
 2.80000000e-01  2.80000000e-01  2.78879650e-01 
 2.90000000e-01  2.90000000e-01  2.88962068e-01 
 3.00000000e-01  3.00000000e-01  2.99030028e-01 
 3.10000000e-01  3.10000000e-01  3.09087345e-01 
 3.20000000e-01  3.20000000e-01  3.19136455e-01 
 3.30000000e-01  3.30000000e-01  3.29179493e-01 
 3.40000000e-01  3.40000000e-01  3.39217958e-01 
 3.50000000e-01  3.50000000e-01  3.49253120e-01 
 3.60000000e-01  3.60000000e-01  3.59285663e-01 
 3.70000000e-01  3.70000000e-01  3.69316167e-01 
 3.80000000e-01  3.80000000e-01  3.79344939e-01 
 3.90000000e-01  3.90000000e-01  3.89372068e-01 
 4.00000000e-01  4.00000000e-01  3.99397492e-01 
 4.10000000e-01  4.10000000e-01  4.09421029e-01 
 4.20000000e-01  4.20000000e-01  4.19442407e-01 
 4.30000000e-01  4.30000000e-01  4.29461322e-01 
 4.40000000e-01  4.40000000e-01  4.39477471e-01 
 4.50000000e-01  4.50000000e-01  4.49490600e-01 
 4.60000000e-01  4.60000000e-01  4.59500536e-01 
 4.70000000e-01  4.70000000e-01  4.69507204e-01 
 4.80000000e-01  4.80000000e-01  4.79510648e-01 
 4.90000000e-01  4.90000000e-01  4.89511015e-01 
 5.00000000e-01  5.00000000e-01  4.99508545e-01 
 5.10000000e-01  5.10000000e-01  5.09503545e-01 
 5.20000000e-01  5.20000000e-01  5.19496368e-01 
 5.30000000e-01  5.30000000e-01  5.29487386e-01 
 5.40000000e-01  5.40000000e-01  5.39476972e-01 
 5.50000000e-01  5.50000000e-01  5.49465475e-01 
 5.60000000e-01  5.60000000e-01  5.59453201e-01 
 5.70000000e-01  5.70000000e-01  5.69440399e-01 
 5.80000000e-01  5.80000000e-01  5.79427243e-01 
 5.90000000e-01  5.90000000e-01  5.89413837e-01 
 6.00000000e-01  6.00000000e-01  5.99400212e-01 
 6.10000000e-01  6.10000000e-01  6.09386342e-01 
 6.20000000e-01  6.20000000e-01  6.19372158e-01 
 6.30000000e-01  6.30000000e-01  6.29357561e-01 
 6.40000000e-01  6.40000000e-01  6.39342441e-01 
 6.50000000e-01  6.50000000e-01  6.49326688e-01 
 6.60000000e-01  6.60000000e-01  6.59310198e-01 
 6.70000000e-01  6.70000000e-01  6.69292881e-01 
 6.80000000e-01  6.80000000e-01  6.79274660e-01 
 6.90000000e-01  6.90000000e-01  6.89255474e-01 
 7.00000000e-01  7.00000000e-01  6.99235279e-01 
 7.10000000e-01  7.10000000e-01  7.09214040e-01 
 7.20000000e-01  7.20000000e-01  7.19191736e-01 
 7.30000000e-01  7.30000000e-01  7.29168352e-01 
 7.40000000e-01  7.40000000e-01  7.39143884e-01 
 7.50000000e-01  7.50000000e-01  7.49118331e-01 
 7.60000000e-01  7.60000000e-01  7.59091699e-01 
 7.70000000e-01  7.70000000e-01  7.69063994e-01 
 7.80000000e-01  7.80000000e-01  7.79035226e-01 
 7.90000000e-01  7.90000000e-01  7.89005409e-01 
 8.00000000e-01  8.00000000e-01  7.98974554e-01 
 8.10000000e-01  8.10000000e-01  8.08942674e-01 
 8.20000000e-01  8.20000000e-01  8.18909785e-01 
 8.30000000e-01  8.30000000e-01  8.28875898e-01 
 8.40000000e-01  8.40000000e-01  8.38841028e-01 
 8.50000000e-01  8.50000000e-01  8.48805188e-01 
 8.60000000e-01  8.60000000e-01  8.58768390e-01 
 8.70000000e-01  8.70000000e-01  8.68730645e-01 
 8.80000000e-01  8.80000000e-01  8.78691965e-01 
 8.90000000e-01  8.90000000e-01  8.88652360e-01 
 9.00000000e-01  9.00000000e-01  8.98611839e-01 
 9.10000000e-01  9.10000000e-01  9.08570411e-01 
 9.20000000e-01  9.20000000e-01  9.18528084e-01 
 9.30000000e-01  9.30000000e-01  9.28484865e-01 
 9.40000000e-01  9.40000000e-01  9.38440760e-01 
 9.50000000e-01  9.50000000e-01  9.48395774e-01 
 9.60000000e-01  9.60000000e-01  9.58349911e-01 
 9.70000000e-01  9.70000000e-01  9.68303175e-01 
 9.80000000e-01  9.80000000e-01  9.78255569e-01 
 9.90000000e-01  9.90000000e-01  9.88207093e-01 
 1.00000000e+00  1.00000000e+00  9.98157750e-01 
 1.01000000e+00  1.01000000e+00  1.00810754e+00 
 1.02000000e+00  1.02000000e+00  1.01805646e+00 
 1.03000000e+00  1.03000000e+00  1.02800450e+00 
 1.04000000e+00  1.04000000e+00  1.03795168e+00 
 1.05000000e+00  1.05000000e+00  1.04789797e+00 
 1.06000000e+00  1.06000000e+00  1.05784338e+00 
 1.07000000e+00  1.07000000e+00  1.06778790e+00 
 1.08000000e+00  1.08000000e+00  1.07773152e+00 
 1.09000000e+00  1.09000000e+00  1.08767424e+00 
 1.10000000e+00  1.10000000e+00  1.09761603e+00 
 1.11000000e+00  1.11000000e+00  1.10755690e+00 
 1.12000000e+00  1.12000000e+00  1.11749683e+00 
 1.13000000e+00  1.13000000e+00  1.12743579e+00 
 1.14000000e+00  1.14000000e+00  1.13737378e+00 
 1.15000000e+00  1.15000000e+00  1.14731076e+00 
 1.16000000e+00  1.16000000e+00  1.15724671e+00 
 1.17000000e+00  1.17000000e+00  1.16718159e+00 
 1.18000000e+00  1.18000000e+00  1.17711535e+00 
 1.19000000e+00  1.19000000e+00  1.18704796e+00 
 1.20000000e+00  1.20000000e+00  1.19697932e+00 
 1.21000000e+00  1.21000000e+00  1.20690937e+00 
 1.22000000e+00  1.22000000e+00  1.21683799e+00 
 1.23000000e+00  1.23000000e+00  1.22676505e+00 
 1.24000000e+00  1.24000000e+00  1.23669038e+00 
 1.25000000e+00  1.25000000e+00  1.24661378e+00 
 1.26000000e+00  1.26000000e+00  1.25653498e+00 
 1.27000000e+00  1.27000000e+00  1.26645366e+00 
 1.28000000e+00  1.28000000e+00  1.27636938e+00 
 1.29000000e+00  1.29000000e+00  1.28628162e+00 
 1.30000000e+00  1.30000000e+00  1.29618967e+00 
 1.31000000e+00  1.31000000e+00  1.30609261e+00 
 1.32000000e+00  1.32000000e+00  1.31598924e+00 
 1.33000000e+00  1.33000000e+00  1.32587793e+00 
 1.34000000e+00  1.34000000e+00  1.33575648e+00 
 1.35000000e+00  1.35000000e+00  1.34562187e+00 
 1.36000000e+00  1.36000000e+00  1.35546997e+00 
 1.37000000e+00  1.37000000e+00  1.36529501e+00 
 1.38000000e+00  1.38000000e+00  1.37508908e+00 
 1.39000000e+00  1.39000000e+00  1.38484143e+00 
 1.40000000e+00  1.40000000e+00  1.39453784e+00 
 1.41000000e+00  1.41000000e+00  1.40416044e+00 
 1.42000000e+00  1.42000000e+00  1.41368828e+00 
 1.43000000e+00  1.43000000e+00  1.42309894e+00 
 1.44000000e+00  1.44000000e+00  1.43237101e+00 
 1.45000000e+00  1.45000000e+00  1.44148614e+00 
 1.46000000e+00  1.46000000e+00  1.45042993e+00 
 1.47000000e+00  1.47000000e+00  1.45919113e+00 
 1.48000000e+00  1.48000000e+00  1.46776012e+00 
 1.49000000e+00  1.49000000e+00  1.47612750e+00 
 1.50000000e+00  1.50000000e+00  1.48428328e+00 
 1.51000000e+00  1.51000000e+00  1.49221669e+00 
 1.52000000e+00  1.52000000e+00  1.49991641e+00 
 1.53000000e+00  1.53000000e+00  1.50737108e+00 
 1.54000000e+00  1.54000000e+00  1.51456978e+00 
 1.55000000e+00  1.55000000e+00  1.52150249e+00 
 1.56000000e+00  1.56000000e+00  1.52816053e+00 
 1.57000000e+00  1.57000000e+00  1.53453686e+00 
 1.58000000e+00  1.58000000e+00  1.54062630e+00 
 1.59000000e+00  1.59000000e+00  1.54642568e+00 
 1.60000000e+00  1.60000000e+00  1.55193391e+00 
 1.61000000e+00  1.61000000e+00  1.55715199e+00 
 1.62000000e+00  1.62000000e+00  1.56208296e+00 
 1.63000000e+00  1.63000000e+00  1.56673181e+00 
 1.64000000e+00  1.64000000e+00  1.57110529e+00 
 1.65000000e+00  1.65000000e+00  1.57521177e+00 
 1.66000000e+00  1.66000000e+00  1.57906100e+00 
 1.67000000e+00  1.67000000e+00  1.58266386e+00 
 1.68000000e+00  1.68000000e+00  1.58603210e+00 
 1.69000000e+00  1.69000000e+00  1.58917807e+00 
 1.70000000e+00  1.70000000e+00  1.59211451e+00 
 1.71000000e+00  1.71000000e+00  1.59485425e+00 
 1.72000000e+00  1.72000000e+00  1.59741005e+00 
 1.73000000e+00  1.73000000e+00  1.59979439e+00 
 1.74000000e+00  1.74000000e+00  1.60201935e+00 
 1.75000000e+00  1.75000000e+00  1.60409650e+00 
 1.76000000e+00  1.76000000e+00  1.60603682e+00 
 1.77000000e+00  1.77000000e+00  1.60785063e+00 
 1.78000000e+00  1.78000000e+00  1.60954761e+00 
 1.79000000e+00  1.79000000e+00  1.61113675e+00 
 1.80000000e+00  1.80000000e+00  1.61262638e+00 
