-5.00000000e+01  1.51011383e+00  4.15110097e-01 
-4.90000000e+01  1.50859774e+00  4.14956387e-01 
-4.80000000e+01  1.50695309e+00  4.14672237e-01 
-4.70000000e+01  1.50537076e+00  4.14451269e-01 
-4.60000000e+01  1.50378705e+00  4.14228894e-01 
-4.50000000e+01  1.50220200e+00  4.14005162e-01 
-4.40000000e+01  1.50061565e+00  4.13780115e-01 
-4.30000000e+01  1.49902802e+00  4.13553783e-01 
-4.20000000e+01  1.49743914e+00  4.13326193e-01 
-4.10000000e+01  1.49584904e+00  4.13097371e-01 
-4.00000000e+01  1.49425773e+00  4.12867348e-01 
-3.90000000e+01  1.49266524e+00  4.12636149e-01 
-3.80000000e+01  1.49107159e+00  4.12403802e-01 
-3.70000000e+01  1.48947682e+00  4.12170334e-01 
-3.60000000e+01  1.48788093e+00  4.11935771e-01 
-3.50000000e+01  1.48628396e+00  4.11700139e-01 
-3.40000000e+01  1.48468593e+00  4.11463466e-01 
-3.30000000e+01  1.48308686e+00  4.11225777e-01 
-3.20000000e+01  1.48148678e+00  4.10987098e-01 
-3.10000000e+01  1.47988570e+00  4.10747454e-01 
-3.00000000e+01  1.47828365e+00  4.10506870e-01 
-2.90000000e+01  1.47668066e+00  4.10265373e-01 
-2.80000000e+01  1.47507674e+00  4.10022986e-01 
-2.70000000e+01  1.47347192e+00  4.09779735e-01 
-2.60000000e+01  1.47186623e+00  4.09535645e-01 
-2.50000000e+01  1.47025967e+00  4.09290739e-01 
-2.40000000e+01  1.46865228e+00  4.09045042e-01 
-2.30000000e+01  1.46704408e+00  4.08798578e-01 
-2.20000000e+01  1.46543509e+00  4.08551372e-01 
-2.10000000e+01  1.46382532e+00  4.08303446e-01 
-2.00000000e+01  1.46221481e+00  4.08054823e-01 
-1.90000000e+01  1.46060358e+00  4.07805529e-01 
-1.80000000e+01  1.45899164e+00  4.07555585e-01 
-1.70000000e+01  1.45737902e+00  4.07305014e-01 
-1.60000000e+01  1.45576573e+00  4.07053840e-01 
-1.50000000e+01  1.45415181e+00  4.06802085e-01 
-1.40000000e+01  1.45253726e+00  4.06549772e-01 
-1.30000000e+01  1.45092212e+00  4.06296923e-01 
-1.20000000e+01  1.44930640e+00  4.06043560e-01 
-1.10000000e+01  1.44769013e+00  4.05789704e-01 
-1.00000000e+01  1.44607331e+00  4.05535379e-01 
-9.00000000e+00  1.44445599e+00  4.05280606e-01 
-8.00000000e+00  1.44283816e+00  4.05025406e-01 
-7.00000000e+00  1.44121987e+00  4.04769800e-01 
-6.00000000e+00  1.43960112e+00  4.04513810e-01 
-5.00000000e+00  1.43798193e+00  4.04257458e-01 
-4.00000000e+00  1.43636234e+00  4.04000763e-01 
-3.00000000e+00  1.43474235e+00  4.03743746e-01 
-2.00000000e+00  1.43312198e+00  4.03486429e-01 
-1.00000000e+00  1.43150126e+00  4.03228832e-01 
 0.00000000e+00  1.42988021e+00  4.02970974e-01 
 1.00000000e+00  1.42825884e+00  4.02712876e-01 
 2.00000000e+00  1.42663718e+00  4.02454557e-01 
 3.00000000e+00  1.42501524e+00  4.02196039e-01 
 4.00000000e+00  1.42339305e+00  4.01937340e-01 
 5.00000000e+00  1.42177062e+00  4.01678480e-01 
 6.00000000e+00  1.42014797e+00  4.01419478e-01 
 7.00000000e+00  1.41852513e+00  4.01160354e-01 
 8.00000000e+00  1.41690210e+00  4.00901126e-01 
 9.00000000e+00  1.41527891e+00  4.00641812e-01 
 1.00000000e+01  1.41365558e+00  4.00382433e-01 
 1.10000000e+01  1.41203213e+00  4.00123006e-01 
 1.20000000e+01  1.41040857e+00  3.99863549e-01 
 1.30000000e+01  1.40878492e+00  3.99604081e-01 
 1.40000000e+01  1.40716121e+00  3.99344620e-01 
 1.50000000e+01  1.40553744e+00  3.99085184e-01 
 1.60000000e+01  1.40391365e+00  3.98825789e-01 
 1.70000000e+01  1.40228983e+00  3.98566453e-01 
 1.80000000e+01  1.40066602e+00  3.98307195e-01 
 1.90000000e+01  1.39904223e+00  3.98048029e-01 
 2.00000000e+01  1.39741848e+00  3.97788975e-01 
 2.10000000e+01  1.39579479e+00  3.97530047e-01 
 2.20000000e+01  1.39417116e+00  3.97271264e-01 
 2.30000000e+01  1.39254763e+00  3.97012639e-01 
 2.40000000e+01  1.39092420e+00  3.96754192e-01 
 2.50000000e+01  1.38930090e+00  3.96495935e-01 
 2.60000000e+01  1.38767773e+00  3.96237885e-01 
 2.70000000e+01  1.38605472e+00  3.95980058e-01 
 2.80000000e+01  1.38443189e+00  3.95722469e-01 
 2.90000000e+01  1.38280924e+00  3.95465132e-01 
 3.00000000e+01  1.38118679e+00  3.95208062e-01 
 3.10000000e+01  1.37956457e+00  3.94951274e-01 
 3.20000000e+01  1.37794258e+00  3.94694782e-01 
 3.30000000e+01  1.37632084e+00  3.94438599e-01 
 3.40000000e+01  1.37469937e+00  3.94182739e-01 
 3.50000000e+01  1.37307817e+00  3.93927215e-01 
 3.60000000e+01  1.37145728e+00  3.93672042e-01 
 3.70000000e+01  1.36983669e+00  3.93417231e-01 
 3.80000000e+01  1.36821642e+00  3.93162794e-01 
 3.90000000e+01  1.36659650e+00  3.92908745e-01 
 4.00000000e+01  1.36497692e+00  3.92655095e-01 
 4.10000000e+01  1.36335771e+00  3.92401854e-01 
 4.20000000e+01  1.36173888e+00  3.92149037e-01 
 4.30000000e+01  1.36012044e+00  3.91896651e-01 
 4.40000000e+01  1.35850240e+00  3.91644708e-01 
 4.50000000e+01  1.35688478e+00  3.91393219e-01 
 4.60000000e+01  1.35526759e+00  3.91142194e-01 
 4.70000000e+01  1.35365084e+00  3.90891640e-01 
 4.80000000e+01  1.35203454e+00  3.90641569e-01 
 4.90000000e+01  1.35041870e+00  3.90391987e-01 
 5.00000000e+01  1.34880334e+00  3.90142905e-01 
 5.10000000e+01  1.34718846e+00  3.89894329e-01 
 5.20000000e+01  1.34557408e+00  3.89646266e-01 
 5.30000000e+01  1.34396020e+00  3.89398723e-01 
 5.40000000e+01  1.34234683e+00  3.89151708e-01 
 5.50000000e+01  1.34073399e+00  3.88905225e-01 
 5.60000000e+01  1.33912167e+00  3.88659282e-01 
 5.70000000e+01  1.33750990e+00  3.88413880e-01 
 5.80000000e+01  1.33589867e+00  3.88169027e-01 
 5.90000000e+01  1.33428800e+00  3.87924726e-01 
 6.00000000e+01  1.33267789e+00  3.87680979e-01 
 6.10000000e+01  1.33106835e+00  3.87437789e-01 
 6.20000000e+01  1.32945938e+00  3.87195158e-01 
 6.30000000e+01  1.32785099e+00  3.86953089e-01 
 6.40000000e+01  1.32624318e+00  3.86711581e-01 
 6.50000000e+01  1.32463596e+00  3.86470634e-01 
 6.60000000e+01  1.32302933e+00  3.86230248e-01 
 6.70000000e+01  1.32142329e+00  3.85990422e-01 
 6.80000000e+01  1.31981785e+00  3.85751152e-01 
 6.90000000e+01  1.31821301e+00  3.85512436e-01 
 7.00000000e+01  1.31660876e+00  3.85274271e-01 
 7.10000000e+01  1.31500512e+00  3.85036653e-01 
 7.20000000e+01  1.31340207e+00  3.84799574e-01 
 7.30000000e+01  1.31179962e+00  3.84563028e-01 
 7.40000000e+01  1.31019777e+00  3.84327008e-01 
 7.50000000e+01  1.30859651e+00  3.84091506e-01 
 7.60000000e+01  1.30699583e+00  3.83856512e-01 
 7.70000000e+01  1.30539574e+00  3.83622016e-01 
 7.80000000e+01  1.30379623e+00  3.83388004e-01 
 7.90000000e+01  1.30219729e+00  3.83154467e-01 
 8.00000000e+01  1.30059892e+00  3.82921387e-01 
 8.10000000e+01  1.29900110e+00  3.82688750e-01 
 8.20000000e+01  1.29740382e+00  3.82456540e-01 
 8.30000000e+01  1.29580708e+00  3.82224737e-01 
 8.40000000e+01  1.29421086e+00  3.81993323e-01 
 8.50000000e+01  1.29261515e+00  3.81762277e-01 
 8.60000000e+01  1.29101994e+00  3.81531574e-01 
 8.70000000e+01  1.28942520e+00  3.81301191e-01 
 8.80000000e+01  1.28783092e+00  3.81071102e-01 
 8.90000000e+01  1.28623709e+00  3.80841278e-01 
 9.00000000e+01  1.28464367e+00  3.80611690e-01 
 9.10000000e+01  1.28305065e+00  3.80382305e-01 
 9.20000000e+01  1.28145801e+00  3.80153091e-01 
 9.30000000e+01  1.27986571e+00  3.79924009e-01 
 9.40000000e+01  1.27827373e+00  3.79695023e-01 
 9.50000000e+01  1.27668205e+00  3.79466091e-01 
 9.60000000e+01  1.27509062e+00  3.79237169e-01 
 9.70000000e+01  1.27349942e+00  3.79008211e-01 
 9.80000000e+01  1.27190840e+00  3.78779169e-01 
 9.90000000e+01  1.27031753e+00  3.78549992e-01 
 1.00000000e+02  1.26872678e+00  3.78320623e-01 
 1.01000000e+02  1.26713608e+00  3.78091006e-01 
 1.02000000e+02  1.26554540e+00  3.77861078e-01 
 1.03000000e+02  1.26395469e+00  3.77630775e-01 
 1.04000000e+02  1.26236390e+00  3.77400029e-01 
 1.05000000e+02  1.26077296e+00  3.77168768e-01 
 1.06000000e+02  1.25918183e+00  3.76936915e-01 
 1.07000000e+02  1.25759043e+00  3.76704388e-01 
 1.08000000e+02  1.25599870e+00  3.76471103e-01 
 1.09000000e+02  1.25440658e+00  3.76236970e-01 
 1.10000000e+02  1.25281397e+00  3.76001893e-01 
 1.11000000e+02  1.25122082e+00  3.75765774e-01 
 1.12000000e+02  1.24962703e+00  3.75528505e-01 
 1.13000000e+02  1.24803251e+00  3.75289975e-01 
 1.14000000e+02  1.24643718e+00  3.75050068e-01 
 1.15000000e+02  1.24484093e+00  3.74808657e-01 
 1.16000000e+02  1.24324365e+00  3.74565613e-01 
 1.17000000e+02  1.24164525e+00  3.74320798e-01 
 1.18000000e+02  1.24004560e+00  3.74074066e-01 
 1.19000000e+02  1.23844458e+00  3.73825263e-01 
 1.20000000e+02  1.23684205e+00  3.73574228e-01 
 1.21000000e+02  1.23523790e+00  3.73320790e-01 
 1.22000000e+02  1.23363195e+00  3.73064768e-01 
 1.23000000e+02  1.23202408e+00  3.72805973e-01 
 1.24000000e+02  1.23041410e+00  3.72544205e-01 
 1.25000000e+02  1.22880186e+00  3.72279251e-01 
 1.26000000e+02  1.22718717e+00  3.72010890e-01 
 1.27000000e+02  1.22556984e+00  3.71738885e-01 
 1.28000000e+02  1.22394967e+00  3.71462991e-01 
 1.29000000e+02  1.22232644e+00  3.71182943e-01 
 1.30000000e+02  1.22069995e+00  3.70898467e-01 
 1.31000000e+02  1.21906993e+00  3.70609270e-01 
 1.32000000e+02  1.21743615e+00  3.70315044e-01 
 1.33000000e+02  1.21579834e+00  3.70015466e-01 
 1.34000000e+02  1.21415622e+00  3.69710192e-01 
 1.35000000e+02  1.21250950e+00  3.69398859e-01 
 1.36000000e+02  1.21085785e+00  3.69081086e-01 
 1.37000000e+02  1.20920096e+00  3.68756466e-01 
 1.38000000e+02  1.20753846e+00  3.68424575e-01 
 1.39000000e+02  1.20587000e+00  3.68084960e-01 
 1.40000000e+02  1.20419517e+00  3.67737144e-01 
 1.41000000e+02  1.20251356e+00  3.67380622e-01 
 1.42000000e+02  1.20082473e+00  3.67014861e-01 
 1.43000000e+02  1.19912823e+00  3.66639294e-01 
 1.44000000e+02  1.19742354e+00  3.66253326e-01 
 1.45000000e+02  1.19571016e+00  3.65856323e-01 
 1.46000000e+02  1.19398753e+00  3.65447614e-01 
 1.47000000e+02  1.19225506e+00  3.65026490e-01 
 1.48000000e+02  1.19051213e+00  3.64592198e-01 
 1.49000000e+02  1.18875807e+00  3.64143940e-01 
 1.50000000e+02  1.18699219e+00  3.63680871e-01 
 1.51000000e+02  1.18521373e+00  3.63202091e-01 
 1.52000000e+02  1.18342192e+00  3.62706647e-01 
 1.53000000e+02  1.18161589e+00  3.62193527e-01 
 1.54000000e+02  1.17979476e+00  3.61661655e-01 
 1.55000000e+02  1.17795757e+00  3.61109885e-01 
 1.56000000e+02  1.17610329e+00  3.60536999e-01 
 1.57000000e+02  1.17423086e+00  3.59941702e-01 
 1.58000000e+02  1.17233911e+00  3.59322610e-01 
 1.59000000e+02  1.17042679e+00  3.58678251e-01 
 1.60000000e+02  1.16849260e+00  3.58007054e-01 
 1.61000000e+02  1.16653512e+00  3.57307338e-01 
 1.62000000e+02  1.16455284e+00  3.56577310e-01 
 1.63000000e+02  1.16254414e+00  3.55815049e-01 
 1.64000000e+02  1.16050728e+00  3.55018502e-01 
 1.65000000e+02  1.15844039e+00  3.54185461e-01 
 1.66000000e+02  1.15634147e+00  3.53313565e-01 
 1.67000000e+02  1.15420836e+00  3.52400268e-01 
 1.68000000e+02  1.15203874e+00  3.51442839e-01 
 1.69000000e+02  1.14983010e+00  3.50438331e-01 
 1.70000000e+02  1.14757971e+00  3.49383567e-01 
 1.71000000e+02  1.14528465e+00  3.48275111e-01 
 1.72000000e+02  1.14294174e+00  3.47109248e-01 
 1.73000000e+02  1.14054750e+00  3.45881950e-01 
 1.74000000e+02  1.13809818e+00  3.44588841e-01 
 1.75000000e+02  1.13558968e+00  3.43225161e-01 
 1.76000000e+02  1.13301750e+00  3.41785716e-01 
 1.77000000e+02  1.13037674e+00  3.40264834e-01 
 1.78000000e+02  1.12766202e+00  3.38656300e-01 
 1.79000000e+02  1.12486738e+00  3.36953291e-01 
 1.80000000e+02  1.12198629e+00  3.35148293e-01 
 1.81000000e+02  1.11901151e+00  3.33233013e-01 
 1.82000000e+02  1.11593499e+00  3.31198269e-01 
 1.83000000e+02  1.11274779e+00  3.29033863e-01 
 1.84000000e+02  1.10943990e+00  3.26728432e-01 
 1.85000000e+02  1.10600012e+00  3.24269274e-01 
 1.86000000e+02  1.10241585e+00  3.21642136e-01 
 1.87000000e+02  1.09867285e+00  3.18830968e-01 
 1.88000000e+02  1.09475497e+00  3.15817623e-01 
 1.89000000e+02  1.09064383e+00  3.12581504e-01 
 1.90000000e+02  1.08631843e+00  3.09099137e-01 
 1.91000000e+02  1.08175461e+00  3.05343656e-01 
 1.92000000e+02  1.07692455e+00  3.01284187e-01 
 1.93000000e+02  1.07179597e+00  2.96885112e-01 
 1.94000000e+02  1.06633135e+00  2.92105188e-01 
 1.95000000e+02  1.06048687e+00  2.86896515e-01 
 1.96000000e+02  1.05421120e+00  2.81203357e-01 
 1.97000000e+02  1.04744414e+00  2.74960848e-01 
 1.98000000e+02  1.04011518e+00  2.68093719e-01 
 1.99000000e+02  1.03214206e+00  2.60515338e-01 
 2.00000000e+02  1.02343007e+00  2.52127714e-01 
